sample_id	Shannon	Simpson	observed_species	Pielous	Chao1	ACE	goods_coverage
ePA1_lib1	6.381452297	0.992304348	2066	0.83599414	3857.676012	3838.197119	0.88627451
ePA2_lib1	6.989221483	0.997243101	2671	0.885809512	5068.45	5172.006278	0.84599894
ePA3_lib1	6.884525308	0.996637367	2519	0.87906815	4401.254902	4699.481424	0.860625331
ePA4_lib1	6.605903816	0.99467925	2194	0.858636457	3641.638404	3819.146846	0.885744568
ePA5_lib1	6.970548652	0.994898529	2774	0.879226609	5313.548596	5501.450291	0.837413884
ePA7_lib1	6.357502641	0.994364577	1893	0.842508826	3373.670807	3595.508275	0.896449391
ePA8_lib1	6.048674551	0.992837019	1634	0.81752254	3029.255814	3110.503858	0.910015898
ePA9_lib1	4.915330598	0.978938538	540	0.781256709	779.775	648.1226993	0.985267621
ePA10_lib1	5.735567223	0.992966699	932	0.838860324	1295.657343	1297.23625	0.965765766
ePA11_lib1	5.575560202	0.991354957	860	0.825161461	1119.022727	1098.491204	0.972231055
ePA12_lib1	5.867183314	0.993301031	1011	0.848018756	1385.179688	1286.932795	0.967143614
ePB1_lib1	6.704714116	0.9962397	2236	0.869337172	3732.444181	4055.896323	0.880975093
ePB2_lib1	6.604516263	0.994845349	2276	0.854381232	4089.13577	4095.228889	0.875039746
ePB3_lib1	6.886051343	0.996062839	2644	0.873859038	4714.847599	4950.504927	0.850662427
ePB5_lib1	6.577781951	0.996368301	1976	0.866771565	3450.611801	3531.474589	0.896661367
ePB6_lib1	6.226252847	0.994019595	1735	0.834756796	2888.769231	3083.666429	0.910015898
ePB7_lib1	5.990086961	0.993874076	1323	0.83338518	2153.419512	2160.447414	0.938102809
ePB8_lib1	6.338729141	0.995622597	1678	0.853659748	2931.375	2988.826523	0.91372549
ePB9_lib1	6.242656516	0.995062179	1419	0.860141631	1839.667939	1877.373799	0.95018548
ePB10_lib1	6.124989711	0.994390616	1307	0.853598842	1630.066148	1669.444311	0.956756757
ePB11_lib1	5.781619163	0.991724922	1022	0.834346659	1364.550336	1326.504572	0.966083731
ePB12_lib1	6.022847011	0.992351484	1553	0.81966427	2739.757813	2904.323015	0.917329094
ePC1_lib1	5.88435929	0.987308775	1273	0.823087281	1906.888889	1836.799807	0.948065713
ePC9_lib1	3.339535226	0.933948099	132	0.683938296	387	277.273296	0.994594595
ePC10_lib1	3.24714847	0.922798733	115	0.684340341	588	272.3268493	0.995336513
eSA3_lib1	7.329156284	0.998207207	3074	0.912638302	5454.20434	5668.793001	0.827980922
eSA4_lib1	7.390483809	0.998391662	3199	0.915729899	5821.035775	6250.92686	0.813990461
eSA5_lib1	6.985327596	0.997401179	2651	0.886160136	5038.534368	5365.749283	0.844409115
eSA6_lib1	6.969076826	0.997574513	2560	0.888033601	4520.117521	4892.8982	0.856385798
eSA7_lib1	6.8453555	0.997220791	2328	0.882956683	4018.162562	4181.04688	0.875781664
eSA8_lib1	6.595972322	0.995693391	2167	0.85872768	3835.056	4012.628027	0.881399046
eSA9_lib1	6.65845825	0.996457675	2154	0.867542311	3817.927374	3925.359652	0.884260731
eSA10_lib1	6.434894083	0.988813012	2173	0.837455491	3957.022099	4068.692057	0.879491256
eSA11_lib1	6.04097853	0.983528333	1917	0.799228041	3539.082278	3682.449005	0.89263381
eSA12_lib1	5.45035505	0.972167012	1546	0.742208729	3112.888412	3192.940426	0.909379968
eSB1_lib1	7.115088738	0.99680915	2925	0.891497855	5534.84	5666.330625	0.82872284
eSB2_lib1	7.103587188	0.99683146	3009	0.886910372	5930.793834	6437.345744	0.815368309
eSB3_lib1	7.190880532	0.997841826	2967	0.899387712	5588.475191	5952.67114	0.82427133
eSB4_lib1	6.870858421	0.996725146	2421	0.881790926	4311.002387	4571.819095	0.866560678
eSB5_lib1	6.037321503	0.98272098	1907	0.799297288	3397.300633	3457.296023	0.897085321
eSB6_lib1	6.254539768	0.994557749	1701	0.840780166	2825.759582	2889.615379	0.914785374
eSB7_lib1	6.29066736	0.993743924	1832	0.837286094	3169.78481	3346.089225	0.902490726
eSB8_lib1	5.859818279	0.992849938	1278	0.819205366	2021.589623	2069.753047	0.940434552
eSB9_lib1	5.164717542	0.985316239	853	0.765283976	1251.863636	1232.314858	0.965553789
eSB10_lib1	4.086172169	0.927605088	629	0.634092014	1055	1085.91046	0.969793323
eSB11_lib1	3.254453809	0.852695539	476	0.527856162	962.1587302	988.1455255	0.973714891
eSB12_lib1	3.394216679	0.871059212	587	0.532424073	1241	1305.856721	0.965235824
eSC1_lib1	7.160481875	0.99772466	3005	0.894162401	5342.356522	5683.387613	0.82617912
eSC3_lib1	7.122308024	0.996448486	3114	0.885455757	6126.784926	6530.905914	0.808055114
eSC6_lib1	6.491627583	0.994721354	2101	0.848560056	4069.95122	4200.519912	0.879491256
eSC7_lib1	6.316864796	0.99564803	1673	0.851057229	2956.574803	2944.318316	0.91436142
eSC8_lib1	5.994159784	0.980005274	1606	0.812051513	2458.11039	2662.913133	0.923158453
eSC9_lib1	5.784721837	0.977253329	1494	0.791428891	2563.512712	2618.777504	0.924642289
eSC10_lib1	5.636107217	0.989252423	1199	0.795022415	2015.349206	2045.279136	0.941070482
eSC11_lib1	4.636134266	0.941723993	1127	0.659730578	2020.268156	2066.942572	0.940010599
eSC12_lib1	3.998669677	0.911533436	863	0.591482899	1514.106383	1556.108183	0.954531002
eLA2_lib1	7.346451654	0.997480196	3387	0.903878316	6477.166129	7084.639699	0.792474828
eLA3_lib1	7.366441016	0.998248637	3317	0.908672527	6675.413669	6938.040732	0.795124536
eLA4_lib1	7.064569837	0.996892952	2893	0.886389728	5458.291262	5831.992844	0.827662957
eLA5_lib1	6.846341666	0.996455586	2487	0.875621995	4458.203579	4763.813294	0.859247483
eLA6_lib1	6.750282429	0.996925574	2120	0.881333255	3251.007371	3437.764988	0.898251192
eLA7_lib1	6.087941721	0.99375918	1205	0.858153395	1451.459716	1452.549122	0.965765766
eLA8_lib1	4.981913084	0.895076047	1499	0.681282275	2185.110759	2331.746217	0.930153683
eLA9_lib1	5.585197722	0.946299252	1905	0.73954214	3120.240741	3365.807442	0.898357181
eLA10_lib1	4.530756432	0.89691702	698	0.691906664	787.4886364	768.5619841	0.986645469
eLA11_lib1	4.14153324	0.923191165	380	0.697207717	466.8888889	427.0390668	0.992686804
eLA12_lib1	5.537559149	0.973840471	1335	0.769459542	2055.633188	2102.611537	0.939056704
eLB1_lib1	7.407831635	0.997552675	3468	0.90878772	6824.130148	7187.006258	0.786009539
eLB2_lib1	7.611622577	0.998758279	3798	0.923490691	8070.964119	8725.189557	0.751881293
eLB3_lib1	7.390530444	0.998207904	3452	0.907179868	7302.760345	7910.928041	0.775940647
eLB4_lib1	7.028748362	0.99733953	2856	0.883321821	5868.124464	6237.181764	0.82236354
eLB5_lib1	6.790724619	0.996335814	2413	0.871877089	4621.992188	4675.602234	0.861897191
eLB6_lib1	7.009754902	0.997349393	2787	0.883650752	5440.953488	5760.987788	0.832008479
eLB7_lib1	6.807545026	0.996252911	2372	0.875964083	4164.537313	4236.62373	0.872708002
eLB8_lib1	6.809563949	0.994336044	2733	0.860537142	5636.448598	5778.28252	0.832856386
eLB9_lib1	6.921748941	0.997727221	2357	0.891386964	4012.847458	4153.504789	0.875993641
eLB10_lib1	6.71621549	0.997114904	2044	0.881085082	3197.989474	3374.677065	0.900688924
eLB11_lib1	6.575074509	0.996852714	1740	0.881183515	2257.809264	2358.463713	0.934605193
eLB12_lib1	6.267290248	0.996107639	1136	0.890838802	1302.434783	1276.933511	0.975410705
eLC1_lib2	7.612364848	0.998593371	3786	0.923935488	7570.430075	7995.587808	0.762162162
eLC2_lib2	7.588988757	0.998927861	3607	0.926544991	7378.597682	7825.155648	0.773714891
eLC3_lib2	7.49099238	0.998726354	3438	0.919970379	6739.840796	7250.000663	0.788447271
eLC4_lib2	7.371157356	0.998481912	3197	0.913406004	5927.818182	6212.823103	0.812612613
eLC5_lib2	7.242427604	0.997505898	3050	0.902719768	5633.319853	6018.141368	0.822257552
eLC6_lib2	7.253378489	0.998362927	2985	0.906518767	5908.016327	6211.427539	0.820561738
eLC7_lib2	6.803849693	0.997106142	2269	0.880518506	3737.107143	3926.795873	0.882246953
eLC8_lib2	7.116295891	0.998110711	2685	0.901317658	4961.863636	5048.325804	0.849920509
eLC9_lib2	6.231536267	0.995570968	1048	0.89602586	1158.046512	1133.033387	0.98208797
eLC10_lib2	6.784794193	0.997420276	1869	0.900657263	2464.903226	2460.248625	0.932379438
eLC11_lib2	6.173543213	0.988908722	1578	0.83835086	2159.033898	2211.610862	0.937890832
eLC12_lib2	6.209076068	0.987761104	1743	0.831940779	2619.819936	2670.849709	0.921674616
eNA1_lib2	7.542423683	0.998014934	3899	0.912190377	8160.25	9019.135959	0.741812401
eNA2_lib2	7.258286714	0.997202234	3321	0.895198288	6963.479129	7461.468666	0.787599364
eNA3_lib2	7.051293325	0.997096549	2982	0.881373161	6272.876543	6728.414678	0.810386857
eNA4_lib2	6.644565623	0.99604172	2375	0.854853598	5064.531856	5268.264842	0.852252252
eNA5_lib2	6.121100929	0.992741871	1740	0.820342526	3147.092466	3345.415657	0.903868574
eNA6_lib2	5.623527296	0.985828578	1475	0.770724888	2681.646341	2846.888999	0.918282989
eNA7_lib2	5.678544354	0.983277376	1616	0.768647516	3174.376471	3369.928995	0.9054584
eNA8_lib2	6.232323244	0.992686041	1837	0.829219694	3502.06338	3649.278454	0.896873344
eNA9_lib2	6.178926844	0.99289923	1704	0.830419027	3075.959707	3178.383837	0.908214096
eNA10_lib2	6.25362965	0.994528474	1628	0.845644179	3007.156522	2940.814237	0.915527292
eNA11_lib2	6.27356547	0.994300546	1654	0.846526273	2663.385417	2766.239567	0.919130896
eNA12_lib2	6.137126274	0.991010223	1658	0.82784597	2773.714286	2839.064939	0.917223105
eNB1_lib2	6.950446756	0.99596203	2846	0.873866649	5428.127049	5595.5265	0.831690514
eNB2_lib2	6.42840418	0.994144827	2128	0.838895513	4073.184874	4404.741366	0.875039746
eNB3_lib2	6.021808711	0.989104455	1828	0.801734329	3609.625874	3766.793485	0.892951775
eNB4_lib2	6.011649379	0.990481371	1811	0.801378608	3673.34507	3961.294848	0.890937997
eNB5_lib2	5.674247138	0.982944886	1715	0.761933511	3445.181818	3665.202844	0.896555379
eNB6_lib2	5.808465851	0.987280017	1634	0.78505658	3178.901235	3114.961627	0.908108108
eNB7_lib2	5.939854199	0.9917626	1576	0.80675545	2994.821138	3136.189519	0.911393747
eNB8_lib2	6.065415806	0.993225834	1578	0.823667443	2668.003759	2745.57508	0.919236884
eNB9_lib2	5.89579198	0.993059533	1365	0.816715019	2244.050633	2373.552348	0.931531532
eNB10_lib2	5.249538466	0.976770557	1043	0.755344877	1562.468293	1710.834715	0.951033386
eNB11_lib2	4.491606913	0.945254556	681	0.688520582	910.0267857	921.2709901	0.975940647
eNB12_lib2	4.926332468	0.957426781	1082	0.705114951	1645.777778	1734.830849	0.949867515
eNAC1_lib2	6.862837212	0.99411016	2975	0.858069242	6286.634694	6623.852816	0.809009009
eNAC2_lib2	6.945644373	0.995460542	2934	0.869932149	5921.712	6365.131177	0.816746158
eNAC3_lib2	6.657555468	0.995360766	2338	0.85825855	4525.907895	4744.314369	0.86327504
eNAC4_lib2	6.465752469	0.995185388	2142	0.843047979	4275.9375	4468.11754	0.873025967
eNAC5_lib2	6.052910471	0.99222241	1657	0.81655243	3106.574219	3124.062846	0.90863805
eNAC6_lib2	6.045380859	0.990083906	1793	0.806949672	3613	3711.105753	0.89390567
eNAC7_lib2	5.68363597	0.983455046	1575	0.772022253	3325.161435	3394.137517	0.906306306
eNAC8_lib2	5.753631505	0.984174643	1550	0.783232168	2808.753968	2941.025826	0.915527292
eNAC9_lib2	5.66159089	0.986961524	1331	0.787022263	2202.641256	2293.429035	0.933863275
eNAC10_lib2	5.113920866	0.982474381	872	0.755291672	1256.814103	1323.876301	0.963222046
eNAC11_lib2	4.969642372	0.969001831	772	0.747428774	1088.596639	1089.406668	0.970853206
iPA1_lib2	5.427067221	0.977532662	1388	0.750048768	2184.924303	2251.980938	0.93290938
iPA2_lib2	6.636940558	0.9957962	2061	0.869740141	3211.008197	3230.759094	0.902702703
iPA3_lib2	6.581109748	0.996166322	1785	0.878984516	2346.427326	2389.428345	0.934075252
iPA4_lib2	6.083189339	0.995132052	971	0.884399623	1166.266667	1102.672207	0.978484367
iPA5_lib2	6.611894748	0.996635974	1534	0.901339239	1801.403636	1807.194737	0.959300477
iPA6_lib2	5.329363718	0.965729369	837	0.791902383	972.8921569	935.4879167	0.982299947
iPA7_lib2	5.987372667	0.993981087	1177	0.846783523	1567.085714	1499.869054	0.960784314
iPA10_lib2	3.10862875	0.909181831	250	0.563008377	887.6363636	1359.491987	0.982193959
iPB1_lib2	6.078099217	0.990505051	1629	0.821839915	2494.2	2580.443512	0.923582406
iPB2_lib2	6.054354202	0.98744551	1716	0.812910364	2645.52648	2752.341834	0.918071012
iPB3_lib2	6.48878153	0.991532851	2333	0.836731993	3855.122538	4174.777645	0.874933757
iPB4_lib2	5.282018956	0.970580186	1345	0.733191213	1973.320463	2019.685478	0.939480657
iPB5_lib2	5.436749523	0.987777438	946	0.793426308	1233.357143	1220.790376	0.968415474
iPB6_lib2	5.384826796	0.986529056	641	0.833173798	760.9	700.9147543	0.988341282
iPB7_lib2	5.050481698	0.975120374	679	0.774539971	802.7589286	810.4702154	0.982299947
iPB8_lib2	5.749296749	0.991609329	1060	0.82533402	1500.335329	1500.142951	0.959300477
iPB9_lib2	5.464255318	0.987277883	666	0.840487902	777.125	749.6518778	0.986539481
iPB10_lib2	5.650047814	0.992039798	683	0.865709379	772.2666667	735.8650219	0.988977213
iPB11_lib2	5.053920584	0.983230106	470	0.821410719	562.9411765	517.8298672	0.991520933
iPB12_lib2	5.045189251	0.966459256	669	0.775492885	860.82	752.2100643	0.985267621
iPC1_lib2	4.611435914	0.941857986	714	0.701798516	861.3716814	854.7913255	0.980604134
iPC2_lib2	4.855005029	0.985551806	354	0.827186817	432.7916667	399.6565897	0.993428723
iPC3_lib2	3.142158225	0.917338654	129	0.646559571	276	276.4320988	0.994806571
iPC7_lib2	2.670442388	0.825415476	101	0.578628961	126.6666667	132.2113609	0.997668256
iPC8_lib2	5.651178992	0.98966849	950	0.824212109	1131.952055	1110.068241	0.975516693
iPC9_lib2	4.513894395	0.974517718	284	0.799064433	360.5625	325.1077733	0.994700583
iPC10_lib2	5.266049658	0.989739194	416	0.873209168	485.7894737	445.983553	0.994488606
iPC11_lib2	4.979255535	0.978879315	438	0.818657731	563.125	492.8648538	0.991732909
iPC12_lib2	5.066429998	0.984965034	435	0.833932746	543.04	485.8184895	0.992156863
iSA1_lib2	7.135545348	0.997853913	2830	0.897775117	5104.041916	5288.661351	0.839957605
iSA2_lib2	7.332073822	0.998206646	3167	0.90962563	5659.309365	6047.463141	0.816958135
iSA3_lib2	7.300884661	0.99835221	3011	0.911468111	5222.036207	5669.532841	0.830206677
iSA4_lib2	7.286853554	0.998427789	2996	0.910283973	5692.88247	5892.40067	0.82554319
iSA5_lib2	6.821724658	0.997247887	2270	0.882781451	3905.311856	4003.60721	0.880551139
iSA6_lib2	6.711867201	0.997114747	2046	0.880401683	3238.620321	3399.671938	0.899841017
iSA7_lib2	6.575258867	0.996406855	1883	0.87197837	2688.606299	2854.164076	0.91690514
iSA8_lib2	6.37864287	0.994998485	1730	0.855518826	2459.036697	2513.168088	0.926762056
iSA9_lib2	6.328960733	0.994339009	1708	0.850314939	2538.676568	2568.847038	0.924748278
iSA10_lib2	6.092918846	0.989753281	1512	0.832230832	1985.83758	2077.01628	0.942130366
iSA11_lib2	5.509470506	0.975570412	1153	0.781471597	1468.551402	1485.233337	0.96099629
iSA12_lib2	5.160910447	0.967524981	1133	0.733852721	1570.514706	1598.750764	0.955166932
SB1_lib3	7.076248793	0.997989524	2622	0.898948815	4562.851613	4766.658815	0.857551669
SB2_lib3	6.610398742	0.992027082	2429	0.84800507	4403.358314	4643.059998	0.862321145
SB3_lib3	6.845199291	0.996772012	2393	0.879811392	3965.975501	4186.869674	0.873979862
SB4_lib3	6.349666168	0.99048191	1833	0.845077439	2637.017595	2683.860995	0.921462639
SB5_lib3	5.603936007	0.972132638	1556	0.762453374	2432.452206	2457.266025	0.926762056
SB6_lib3	6.008196079	0.990435178	1391	0.830116083	1953.38189	1999.270894	0.943296237
SB7_lib3	6.106185555	0.99417646	1294	0.852165392	1647.268595	1684.122363	0.956120827
SB8_lib3	5.574309316	0.991306586	834	0.828741583	1067.082645	1047.097696	0.974774775
SB9_lib3	5.336596436	0.99038656	658	0.822380629	763.85	761.5288707	0.984525702
SB10_lib3	4.49117256	0.968588999	425	0.742086317	544.3846154	502.0196727	0.989719131
SB11_lib3	3.143062737	0.851500156	388	0.527270579	632.92	593.4991987	0.98335983
SB12_lib3	3.246444985	0.882961944	443	0.532765703	572.4615385	608.8039091	0.983677795
SC1_lib3	7.237828994	0.998373936	2941	0.906257374	5179.149201	5679.02765	0.831690514
SC2_lib3	7.161919552	0.998239493	2691	0.906839768	4303.648289	4531.649792	0.861897191
SC3_lib3	7.147528879	0.998095029	2668	0.906002333	4588.326134	4682.868102	0.858611553
SC4_lib3	7.009681573	0.997349483	2470	0.89729972	3774.678788	3970.03584	0.879491256
SC5_lib3	6.2419908	0.993885804	1648	0.842678962	2644.054348	2669.503763	0.921356651
SC6_lib3	2.900960943	0.888838787	100	0.629935665	880	305.0511464	0.995760466
SC7_lib3	6.069370202	0.993399527	1411	0.836917409	2094.413934	2139.516818	0.938738739
SC8_lib3	5.479823886	0.970034754	1141	0.77842163	1697.92	1665.111204	0.953153153
SC9_lib3	5.309830906	0.977864501	911	0.77919106	1265.444444	1271.809249	0.966083731
SC10_lib3	5.236937091	0.98568553	695	0.800276228	896.4945055	871.7412707	0.979650238
SC11_lib3	4.654542967	0.96763871	537	0.740462039	623.1147541	600.6684805	0.989083201
SC12_lib3	2.881028618	0.903865586	152	0.573466787	425.8823529	716.7642691	0.989719131
LA1_lib3	6.995348939	0.99604154	3069	0.871248682	6381.37037	6704.742136	0.804557499
LA3_lib3	6.672238661	0.995815926	2257	0.864079071	3735.669065	3899.625339	0.882246953
LA4_lib3	6.409613037	0.995680899	1734	0.859406416	2477.724928	2597.97819	0.923582406
LA5_lib3	5.856725286	0.984967663	1288	0.817881765	1688.339286	1680.883658	0.955060943
LA6_lib3	5.983530234	0.993540081	979	0.868874282	1077.877551	1071.527535	0.981875994
LA8_lib3	5.120298413	0.975200559	761	0.771753033	918.2212389	910.4808951	0.979968203
LA9_lib3	4.989546311	0.944771312	711	0.759828721	862.6842105	782.3080617	0.986009539
LA10_lib3	4.939925177	0.982955491	396	0.825879132	493.75	444.7428133	0.992686804
LB1_lib3	7.329072051	0.997995231	3236	0.906828441	6018.841567	6381.35395	0.808373079
LB2_lib3	7.301538383	0.998021899	3286	0.901711002	6555.516295	7276.587114	0.793004769
LB3_lib3	7.041320557	0.997677929	2808	0.886790753	5514.78178	5764.001856	0.830524642
LB4_lib3	6.673655491	0.995849627	2255	0.864361791	3614.403189	3835.364822	0.884154743
LB5_lib3	6.321404732	0.995039937	1710	0.849166253	2619.197368	2657.726342	0.921144674
LB6_lib3	5.785572353	0.978333074	1626	0.782481416	2463.563636	2653.301166	0.921144674
LB7_lib3	5.804543114	0.983766911	1373	0.803424392	1971.913043	2044.408424	0.941600424
LB8_lib3	5.865006466	0.990282021	1175	0.829677045	1536.016393	1494.551104	0.961420244
LB9_lib3	5.051698159	0.970905038	861	0.747503332	1063.081761	1083.155942	0.973078961
LB10_lib3	5.431514717	0.988612561	787	0.814536413	932.16	930.3759708	0.979756227
LB11_lib3	5.160676274	0.976034087	644	0.797915378	779.2419355	725.850923	0.986221516
LB12_lib3	5.229292254	0.98098531	740	0.79151947	919.7647059	895.3858377	0.979650238
LC1_lib3	6.983159818	0.996155246	2796	0.87994054	4987.753398	5311.374726	0.840699523
LC2_lib3	6.714569693	0.995798604	2168	0.874115333	3185.280285	3230.885686	0.901854796
LC3_lib3	6.586159414	0.99603534	2070	0.862592965	3183.007299	3361.417972	0.898569157
LC4_lib3	6.211539193	0.992598486	1500	0.849357583	1861.15	1894.978425	0.950609433
LC5_lib3	5.764829729	0.988680546	1156	0.817390861	1401.741627	1408.449622	0.965977742
LC6_lib3	6.265018149	0.995043891	1322	0.871727345	1509.346457	1527.816408	0.967249603
LC7_lib3	5.881981227	0.989697136	1100	0.839915215	1326.664474	1269.326187	0.972125066
LC8_lib3	5.908080667	0.991720047	1317	0.822496003	1779.176471	1830.486297	0.948489666
LC9_lib3	5.859741055	0.993157377	902	0.86114225	1160.988636	1049.201617	0.977318495
LC10_lib3	5.94185127	0.992286711	1161	0.841975362	1361.621359	1366.362616	0.969475358
LC11_lib3	5.230106162	0.988372927	498	0.842125736	688.78125	596.8863364	0.988235294
LC12_lib3	4.889759286	0.982485413	334	0.841445646	382.75	359.6158832	0.995760466
NA1_lib3	7.515190306	0.997938524	3624	0.91700846	7416.831126	7533.604977	0.773078961
NA2_lib3	7.038155739	0.996649589	2920	0.882047477	5612.195402	6180.798756	0.822257552
NA3_lib3	6.88833772	0.995740145	2776	0.868777997	5542.655246	5933.995138	0.829570747
NA4_lib3	6.380268392	0.992392621	2119	0.833074642	4054.043478	4219.224356	0.877477477
NA5_lib3	6.061436441	0.99055886	1691	0.815468182	2886.839721	2955.38675	0.912135665
NA6_lib3	4.391816718	0.928194601	1003	0.635505006	1618.689119	1743.478346	0.948277689
NA7_lib3	3.499672312	0.862787426	693	0.535033827	1268.044248	1312.140839	0.961738209
NA8_lib3	4.003027688	0.896653279	817	0.596964381	1327.119205	1399.678729	0.958346582
NA9_lib3	4.362529292	0.928937788	759	0.657799777	1044.109489	1065.549929	0.970323264
NA10_lib3	4.738822355	0.950865142	756	0.714965717	884.25	893.8605561	0.979862215
NA11_lib3	5.068503809	0.966116701	955	0.73866468	1258.315789	1313.63525	0.963963964
NA12_lib3	4.932106895	0.973433008	837	0.73287308	1037.927273	1063.78615	0.972655008
NB1_lib3	6.029033184	0.987559552	2035	0.79139334	4157.230769	4353.258207	0.875463699
NB2_lib3	5.542641188	0.977497232	1623	0.749812976	3193.747126	3422.748918	0.903974563
NB3_lib3	5.199232771	0.966213714	1431	0.715543714	2864.491228	3058.497625	0.914255432
NB4_lib3	4.195533093	0.92573839	945	0.612380652	2187.222222	2197.38342	0.940646529
NB5_lib3	4.186515416	0.919909559	953	0.610313476	1737.767857	1921.036709	0.945521993
NB6_lib3	4.524051999	0.947405125	1033	0.651859795	1945.801205	2024.945657	0.941600424
NB7_lib3	4.576775417	0.970311413	372	0.773248436	457.55	408.5307634	0.993746688
NB8_lib3	4.627434654	0.946757377	1059	0.66437635	1814.793651	1938.398513	0.943296237
NB10_lib3	4.231433132	0.933090779	415	0.701930596	498.8823529	489.0901812	0.990143084
NB11_lib3	4.106337141	0.960843683	206	0.770726836	272.2307692	256.4244571	0.99554849
NAC1_lib3	7.087946921	0.997527646	2872	0.890136513	5611.681818	5957.355013	0.827344992
NAC2_lib3	6.919238633	0.995975982	2840	0.870173804	5582.905544	5942.211398	0.826709062
NAC3_lib3	6.208366848	0.98273273	2233	0.80512065	4347.226415	4555.405121	0.867196608
NAC4_lib3	6.378670067	0.990211294	2135	0.83204871	4262.960366	4354.951624	0.874721781
NAC5_lib3	5.383569175	0.967099478	1378	0.744781387	2534.617512	2626.101671	0.924854266
NAC6_lib3	4.187056047	0.91759188	1002	0.605963176	2111.619355	2333.979463	0.937784844
NAC7_lib3	3.596834634	0.891504032	750	0.543322486	1562.175	1747.501726	0.953153153
NAC8_lib3	4.219070354	0.923448278	991	0.611573407	1858.428571	1934.806313	0.943932167
NAC9_lib3	5.778339181	0.990066314	1255	0.809870719	1865.97561	1847.274975	0.946899841
NAC10_lib3	4.1536011	0.91200448	734	0.629475702	1082.857143	1112.216911	0.968521463
NAC11_lib3	4.265273615	0.9416563	466	0.694196736	613.1627907	550.9565903	0.988023317
NAC12_lib3	3.767414239	0.901405601	632	0.584195822	997.046729	1039.213708	0.970323264